484
115
319
186
458
176
210
180
220
311
220
152
114
91
152
629
292
220
402
292
86
336
415
346
713
230
346
88
150
104
150
396
329
296
298
384
307
811
137
146
435
116
557
159
91
411
91
308
181
101
308
417
167
188
167
260
313
339
89
172
295
484
116
114
281
99
986
229
296
110
229
100
209
409
383
137
87
90
209
90
125
116
557
415
171
277
101
124
167
111
211
799
339
111
799
114
94
645
114
148
308
117
308
986
905
229
296
84
384
346
371
211
435
557
364
831
632
286
248
554
322
270
137
596
119
297
182
109
168
505
168
278
277
236
278
99
986
905
110
298
286
384
307
119
554
212
119
442
137
596
297
400
170
406
170
134
116
557
204
148
133
482
250
189
304
168
133
211
435
182
236
148
278
985
148
84
307
384
307
191
542
293
399
831
116
411
831
205
403
248
96
150
526
96
150
95
261
186
261
406
133
250
264
470
109
168
202
281
189
193
189
298
110
229
224
293
159
100
207
254
623
211
146
134
315
116
197
277
101
300
277
339
89
295
484
135
336
335
584
152
114
91
154
516
136
172
145
271
208
292
208
1
484
115
86
95
516
469
144
172
629
292
462
238
153
226
238
393
324
179
324
148
117
281
189
193
224
905
117
110
229
307
346
542
84
255
542
87
91
152
87
136
234
95
234
144
629
224
629
220
402
1
84
355
393
85
346
150
526
96
150
482
189
304
109
470
505
336
151
113
176
184
113
311
439
220
380
114
91
87
91
516
172
592
144
86
336
119
216
123
226
238
123
96
95
261
602
2
264
148
264
307
811
191
542
245
293
399
209
140
286
248
140
96
159
2
159
124
111
260
313
277
132
89
132
295
484
229
335
181
137
239
181
290
799
89
290
172
135
295
135
335
137
181
116
117
172
150
90
210
312
184
312
220
380
213
315
172
145
469
224
208
629
462
109
189
133
250
304
202
336
415
211
281
193
224
986
99
396
286
229
433
929
109
554
119
322
137
119
414
325
287
325
112
315
125
112
264
315
541
315
189
250
470
505
148
278
985
148
193
114
189
224
159
347
632
159
929
109
211
109
119
119
554
119
414
287
183
406
104
150
132
95
602
186
264
541
482
250
189
250
86
202
151
87
308
193
986
396
296
298
286
296
209
207
137
209
383
211
116
197
250
470
133
470
146
435
278
182
396
905
99
396
286
296
229
296
322
212
119
322
137
134
119
134
287
183
135
297
315
90
134
197
148
264
315
148
189
133
250
304
202
151
146
435
363
114
985
148
298
286
384
307
191
542
137
191
204
403
411
903
91
632
248
632
713
422
88
150
104
526
186
261
406
264
148
133
470
109
168
470
985
148
193
189
224
99
396
329
293
159
100
293
209
623
207
623
135
315
112
315
93
171
308
277
339
89
290
339
135
336
484
336
87
91
380
87
136
234
95
234
144
629
172
629
220
402
1
84
95
234
154
95
145
469
592
469
208
109
462
109
336
151
103
216
230
346
88
104
186
261
602
186
109
505
86
336
211
435
182
236
116
557
159
411
205
248
140
205
119
137
134
596
442
297
325
297
229
335
137
239
108
259
172
862
1
90
300
415
958
186
458
958
409
383
137
383
403
411
91
116
409
211
665
322
433
212
119
134
336
132
135
336
335
172
584
137
117
862
172
862
1
300
93
278
255
191
163
159
293
399
623
137
90
197
403
159
286
205
632
286
270
137
596
137
182
414
325
400
277
101
308
277
167
109
313
109
411
411
831
159
632
286
140
286
347
433
665
96
322
212
119
119
90
134
125
134
308
181
101
300
290
799
89
295
132
135
290
229
91
152
384
154
145
592
144
145
336
151
103
216
119
107
153
123
278
277
236
114
148
94
117
308
986
905
396
905
84
384
346
84
380
213
517
213
91
384
136
234
143
224
220
143
115
462
415
103
336
151
304
146
277
236
182
236
148
308
114
308
986
396
298
286
176
210
312
439
220
387
380
517
87
384
91
384
172
145
469
172
202
151
216
107
226
531
153
226
95
186
2
95
602
541
264
541
179
300
278
497
319
458
958
176
114
87
384
114
154
95
136
95
96
95
261
602
2
264
148
264
185
189
109
505
415
87
146
90
862
150
117
862
86
1
179
1
657
958
170
958
113
439
180
220
152
95
145
592
292
208
629
292
105
531
153
226
123
393
85
531
172
295
484
116
584
290
137
108
172
150
862
150
300
415
171
484
180
220
169
315
380
114
91
154
109
220
143
109
1
84
202
336
168
202
304
211
182
236
114
985
229
